A = -2.35874302
a =  9.45389823e-02

 
El error en el exponente es de 15.2090760612 %; el exponente es -2.35874302