A = -1.84993078
a =  1.57248050e-01

 
El error en el exponente es de 8.11215325581 %; el exponente es -1.84993078