A = -1.77522494
a =  1.69445329e-01

 
El error en el exponente es de 12.6617790757 %; el exponente es -1.77522494