A = -1.49794538
a =  2.23589080e-01

 
El error en el exponente es de 33.5162167261 %; el exponente es -1.49794538